4294967279,344
4294967294,1544
4294967294,1431
4294967294,1427
4294967278,412
4294967279,343
4294967279,342
4294967279,341
4294967279,340
4294967279,339
4294967278,411
4294967278,349
4294967278,297
4294967278,319
4294967294,1424
4294967278,410
4294967294,488
4294967278,409
4294967279,338
415,7
415,0
415,6
546,5
546,4
546,3
546,2
546,1
4294967294,487
4294967294,409
4294967294,396
4294967294,186
4294967294,386
4294967294,411
4294967294,408
4294967294,400
545,7
545,6
545,5
545,4
545,3
545,2
545,1
543,4
543,3
543,2
543,1
542,4
542,3
542,2
542,1
541,4
541,3
541,2
541,1
540,4
540,3
540,2
540,1
539,4
539,3
539,2
539,1
538,4
538,3
538,2
538,1
4294967294,1543
536,6
536,5
536,4
536,3
536,2
536,1
535,4
4294967278,150
535,3
535,2
535,1
4294967279,531
4294967278,147
4294967294,1542
532,5
532,4
532,3
532,2
532,1
530,4
530,3
530,2
530,1
4294967294,982
4294967294,973
4294967294,166
4294967279,233
4294967278,408
4294967278,407
4294967278,406
4294967294,393
4294967294,1538
4294967278,405
4294967278,148
4294967279,547
4294967278,293
4294967278,404
4294967278,274
4294967278,281
4294967279,544
4294967279,337
4294967279,336
4294967279,543
4294967279,335
4294967278,403
4294967278,402
4294967278,401
4294967278,145
4294967278,144
4294967278,143
4294967279,277
4294967278,219
4294967278,142
4294967278,141
4294967278,138
4294967278,276
4294967278,136
4294967278,400
4294967279,334
4294967278,140
4294967278,139
4294967279,545
4294967279,333
4294967279,546
4294967278,399
527,5
527,4
527,3
527,2
527,1
331,18
331,0
526,4
526,3
526,2
526,1
4294967294,497
525,4
525,3
525,2
525,1
4294967279,536
238,6
238,0
238,5
523,5
523,4
523,3
523,2
523,1
4294967279,318
4294967278,135
4294967278,398
522,5
522,4
522,3
522,2
522,1
521,4
521,3
521,2
521,1
4294967294,112
4294967294,116
4294967294,464
4294967294,459
520,4
520,3
520,2
520,1
4294967279,135
4294967278,134
4294967278,133
4294967279,274
4294967279,252
253,13
253,0
253,9
4294967279,227
4294967294,1016
4294967294,1432
519,6
519,5
519,4
519,3
519,2
519,1
518,4
518,3
518,2
518,1
4294967294,1540
517,4
517,3
517,2
517,1
4294967278,397
4294967279,282
515,4
515,3
515,2
515,1
4294967294,1573
4294967294,1561
4294967278,273
4294967279,273
4294967278,272
4294967279,272
4294967278,271
4294967279,271
4294967278,270
4294967279,287
253,12
4294967278,269
4294967279,269
253,8
4294967278,268
4294967279,268
4294967279,262
4294967278,315
4294967279,261
4294967278,258
4294967279,283
4294967279,280
4294967278,313
4294967278,308
4294967294,1539
4294967279,242
342,7
342,0
253,11
514,5
514,4
514,3
514,2
514,1
4294967294,1468
4294967294,496
513,5
513,4
513,3
513,2
513,1
4294967278,266
4294967279,267
4294967278,265
4294967279,266
4294967278,264
4294967279,317
4294967278,263
4294967279,264
4294967278,262
4294967279,263
4294967278,261
4294967279,316
4294967278,312
4294967279,315
4294967278,311
4294967279,314
4294967278,309
4294967279,313
4294967279,312
512,4
512,3
512,2
512,1
4294967294,161
511,4
511,3
511,2
511,1
510,4
510,3
510,2
510,1
4294967294,1555
4294967278,348
509,4
509,3
509,2
509,1
508,4
508,3
508,2
508,1
507,4
507,3
507,2
507,1
506,5
506,4
506,3
506,2
506,1
505,7
505,6
505,5
505,4
505,3
505,2
505,1
4294967279,332
503,4
503,3
503,2
503,1
4294967294,388
502,4
502,3
502,2
502,1
501,4
501,3
501,2
501,1
500,4
500,3
500,2
500,1
4294967294,1560
4294967294,1610
499,4
499,3
499,2
499,1
4294967294,84
4294967294,1609
498,4
498,3
498,2
498,1
4294967294,1608
4294967294,1462
4294967294,1027
4294967294,1028
496,6
496,5
496,4
496,3
496,2
496,1
495,4
495,3
495,2
495,1
4294967278,307
4294967279,311
4294967278,254
4294967279,310
4294967278,305
4294967278,252
4294967278,396
492,5
492,4
492,3
492,2
492,1
490,4
490,3
490,2
490,1
4294967294,495
4294967294,128
488,4
488,3
488,2
488,1
4294967294,399
4294967294,178
4294967294,407
4294967294,1442
4294967294,406
4294967294,167
4294967294,183
4294967294,415
487,4
487,3
487,2
487,1
486,4
486,3
486,2
486,1
485,4
485,3
485,2
485,1
4294967278,253
4294967278,304
4294967278,250
4294967278,249
4294967278,248
4294967278,246
484,4
484,3
484,2
484,1
483,4
483,3
483,2
483,1
482,5
482,4
482,3
482,2
482,1
481,5
481,4
481,3
481,2
481,1
4294967294,1559
480,4
480,3
480,2
480,1
479,5
479,4
479,3
479,2
479,1
478,4
478,3
478,2
478,1
4294967294,1550
4294967294,392
4294967294,1607
4294967294,1606
4294967294,1430
477,7
477,6
477,5
477,4
477,3
477,2
477,1
476,5
476,4
476,3
476,2
476,1
4294967294,1605
475,4
475,3
475,2
475,1
4294967294,1537
4294967278,244
4294967278,242
474,4
474,3
474,2
474,1
4294967294,1040
473,4
473,3
473,2
473,1
4294967294,967
4294967294,1024
4294967294,969
4294967294,1025
472,4
472,3
472,2
472,1
4294967294,1453
471,4
471,3
471,2
471,1
4294967278,240
4294967278,239
4294967278,238
4294967278,395
4294967278,346
456,6
456,0
456,5
4294967278,236
4294967278,234
4294967278,232
4294967278,230
428,9
428,0
428,8
331,17
331,11
331,16
331,15
331,14
331,13
331,12
331,5
331,10
331,9
331,8
331,7
331,6
286,10
286,9
286,8
4294967278,228
4294967278,226
4294967278,224
4294967278,222
4294967278,211
4294967278,210
4294967278,209
241,7
241,0
4294967278,207
4294967279,542
241,6
241,5
4294967278,220
4294967278,218
4294967278,216
4294967278,215
4294967278,214
4294967278,213
253,10
253,5
253,7
253,6
4294967278,212
4294967294,1470
4294967278,347
4294967294,1471
4294967294,107
4294967278,204
4294967294,1420
4294967294,1463
4294967278,202
342,6
342,5
4294967278,199
4294967278,197
4294967278,193
4294967278,190
4294967278,187
4294967278,185
4294967294,471
4294967294,1426
467,5
467,4
467,3
467,2
467,1
466,4
466,3
466,2
466,1
465,8
465,7
465,6
465,5
465,4
465,3
465,2
465,1
464,5
464,4
464,3
464,2
464,1
4294967279,331
4294967278,208
4294967294,486
4294967278,206
463,5
463,4
4294967278,205
463,3
463,2
463,1
4294967278,203
4294967278,201
462,4
4294967278,200
462,3
462,2
462,1
4294967294,1464
4294967278,198
4294967278,196
461,6
4294967278,195
461,5
461,4
4294967278,194
461,3
461,2
461,1
4294967278,192
460,5
460,4
460,3
460,2
460,1
459,6
459,5
459,4
459,3
459,2
459,1
4294967278,182
4294967279,541
4294967279,540
4294967279,539
4294967278,180
4294967278,342
458,4
458,3
458,2
458,1
4294967278,177
4294967278,175
4294967279,535
457,6
457,5
457,4
457,3
457,2
457,1
4294967279,534
456,4
456,3
456,2
456,1
455,5
455,4
455,3
455,2
455,1
454,4
454,3
454,2
454,1
453,7
453,6
453,5
453,4
453,3
453,2
453,1
4294967279,330
4294967279,538
452,4
452,3
452,2
452,1
451,4
451,3
451,2
451,1
4294967279,138
450,5
450,4
450,3
450,2
450,1
449,6
449,5
449,4
449,3
449,2
449,1
448,5
448,4
448,3
448,2
448,1
4294967294,985
4294967294,977
4294967294,968
447,6
447,5
447,4
447,3
447,2
447,1
446,4
446,3
446,2
446,1
445,4
445,3
445,2
445,1
444,4
444,3
444,2
444,1
443,6
443,5
443,4
443,3
443,2
443,1
442,7
442,6
442,5
442,4
442,3
442,2
442,1
441,7
441,6
441,5
441,4
441,3
441,2
441,1
4294967294,1469
440,7
440,6
440,5
440,4
440,3
440,2
440,1
439,5
439,4
439,3
439,2
439,1
438,4
438,3
438,2
438,1
4294967278,345
4294967278,191
4294967279,537
4294967278,189
437,4
437,3
437,2
437,1
4294967278,188
4294967278,344
4294967278,186
4294967294,1443
4294967294,429
4294967278,184
436,5
436,4
4294967278,183
436,3
436,2
436,1
4294967278,181
4294967278,343
4294967278,179
435,4
4294967278,178
435,3
435,2
435,1
4294967278,176
434,4
434,3
434,2
434,1
4294967278,341
4294967279,329
433,4
433,3
433,2
433,1
432,4
432,3
432,2
432,1
4294967279,532
431,6
431,5
431,4
431,3
431,2
431,1
4294967278,296
4294967294,1019
4294967294,1428
4294967294,421
4294967294,989
4294967294,1458
4294967294,141
4294967294,461
4294967294,463
4294967294,469
430,9
430,8
430,7
430,6
430,5
430,4
430,3
430,2
430,1
429,7
429,6
429,5
429,4
429,3
429,2
429,1
428,7
428,6
428,5
428,4
428,3
428,2
428,1
427,4
427,3
427,2
427,1
4294967278,340
426,5
426,4
426,3
426,2
426,1
4294967278,285
4294967278,394
425,5
425,4
425,3
425,2
425,1
424,5
424,4
424,3
424,2
424,1
4294967278,255
4294967294,418
423,14
423,13
423,12
423,11
423,10
423,9
423,8
423,7
423,6
423,5
423,4
423,3
423,2
423,1
4294967278,393
422,4
422,3
422,2
422,1
4294967278,392
421,4
421,3
421,2
421,1
420,7
420,6
420,5
420,4
420,3
420,2
420,1
4294967294,1465
419,5
419,4
419,3
419,2
419,1
4294967294,390
4294967294,114
418,4
418,3
418,2
418,1
417,5
417,4
417,3
417,2
417,1
416,5
416,4
416,3
416,2
416,1
415,5
415,4
415,3
415,2
415,1
414,4
414,3
414,2
414,1
4294967279,328
4294967294,485
413,5
413,4
413,3
413,2
413,1
412,4
412,3
412,2
412,1
4294967278,332
411,5
411,4
411,3
411,2
411,1
4294967294,5
410,4
410,3
410,2
410,1
4294967279,533
4294967278,131
4294967278,130
4294967278,128
4294967278,127
4294967278,126
4294967278,125
4294967278,124
4294967278,123
4294967278,122
4294967278,120
4294967278,119
4294967278,118
4294967278,117
4294967278,116
4294967278,114
4294967278,113
4294967278,112
4294967278,111
4294967278,109
4294967278,108
4294967278,107
4294967278,106
4294967278,105
4294967278,103
4294967278,102
4294967278,101
4294967278,100
4294967278,99
4294967278,98
4294967278,97
4294967278,96
4294967278,95
4294967278,93
4294967278,92
4294967278,91
4294967278,90
4294967278,87
4294967278,86
4294967278,84
4294967278,83
4294967278,81
4294967278,80
4294967278,79
4294967278,78
4294967278,77
4294967278,76
4294967278,75
4294967278,74
4294967278,73
4294967278,72
4294967278,71
4294967278,70
4294967278,69
4294967278,68
4294967278,66
4294967278,65
4294967278,64
4294967278,63
4294967278,61
4294967278,60
4294967278,58
4294967278,57
4294967278,56
4294967278,55
4294967278,54
4294967278,53
4294967278,52
4294967278,51
4294967278,50
4294967278,48
4294967278,46
4294967278,45
4294967278,43
4294967278,41
4294967278,40
4294967278,38
4294967278,88
4294967278,0
4294967278,260
4294967279,88
4294967279,174
4294967279,0
4294967279,260
4294967279,46
4294967279,41
4294967279,37
4294967279,36
4294967279,530
4294967279,31
4294967279,30
4294967279,28
4294967279,26
4294967279,20
4294967279,11
4294967279,6
4294967279,5
4294967278,49
4294967278,47
4294967279,44
4294967279,47
409,4
409,3
409,2
409,1
4294967279,45
4294967278,44
4294967279,43
4294967278,42
408,4
408,3
408,2
408,1
4294967279,40
4294967278,39
4294967279,38
4294967278,37
4294967279,34
407,4
407,3
407,2
407,1
4294967279,35
4294967279,33
406,5
406,4
406,3
406,2
406,1
4294967279,29
4294967279,23
405,5
405,4
405,3
405,2
405,1
4294967279,18
404,4
404,3
404,2
404,1
4294967279,17
4294967279,270
403,4
403,3
403,2
403,1
4294967279,12
4294967279,8
402,4
402,3
402,2
402,1
4294967279,9
4294967279,528
401,4
401,3
401,2
401,1
4294967279,4
400,6
400,5
400,4
400,3
400,2
400,1
399,6
399,5
399,4
399,3
399,2
399,1
4294967294,165
398,7
398,6
398,5
398,4
398,3
398,2
398,1
4294967294,1460
397,5
397,4
397,3
397,2
397,1
396,6
396,5
396,4
396,3
396,2
396,1
395,4
395,3
395,2
395,1
394,4
394,3
394,2
394,1
4294967294,1440
4294967294,44
4294967294,425
393,4
393,3
393,2
393,1
392,4
392,3
392,2
392,1
391,5
391,4
391,3
391,2
391,1
390,5
390,4
390,3
390,2
390,1
389,5
389,4
389,3
389,2
389,1
388,9
388,8
388,7
388,6
388,5
388,4
388,3
388,2
388,1
4294967278,168
4294967294,484
387,4
387,3
387,2
387,1
4294967294,472
4294967294,1035
4294967294,43
4294967294,51
4294967294,1018
4294967294,416
4294967294,189
4294967294,410
4294967294,111
386,12
386,11
386,10
386,9
386,8
386,7
386,6
386,5
386,4
386,3
386,2
386,1
4294967294,24
385,4
385,3
385,2
385,1
384,5
